3.744700000000000000e+04
8.461100000000000000e+04
6.907200000000000000e+04
1.209670000000000000e+05
1.522120000000000000e+05
1.562620000000000000e+05
6.779900000000000000e+04
1.347880000000000000e+05
9.477700000000000000e+04
1.497140000000000000e+05
1.533370000000000000e+05
1.076000000000000000e+05
7.905700000000000000e+04
6.305700000000000000e+04
1.293380000000000000e+05
9.754300000000000000e+04
1.368200000000000000e+05
1.566250000000000000e+05
7.835500000000000000e+04
7.229900000000000000e+04
1.224000000000000000e+04
1.651400000000000000e+04
1.470490000000000000e+05
9.323700000000000000e+04
1.192020000000000000e+05
8.391100000000000000e+04
9.981000000000000000e+03
1.060710000000000000e+05
1.355890000000000000e+05
7.294500000000000000e+04
8.819200000000000000e+04
2.370000000000000000e+04
1.491070000000000000e+05
1.013980000000000000e+05
9.753800000000000000e+04
1.103090000000000000e+05
2.936100000000000000e+04
6.047800000000000000e+04
8.454700000000000000e+04
6.659600000000000000e+04
4.170800000000000000e+04
1.073620000000000000e+05
8.113600000000000000e+04
8.185700000000000000e+04
2.892100000000000000e+04
8.070400000000000000e+04
9.157400000000000000e+04
1.185990000000000000e+05
1.543060000000000000e+05
9.777900000000000000e+04
6.357600000000000000e+04
5.487100000000000000e+04
7.628700000000000000e+04
2.672400000000000000e+04
1.953500000000000000e+04
1.247110000000000000e+05
2.717000000000000000e+04
1.331120000000000000e+05
1.318500000000000000e+05
1.227390000000000000e+05
4.840000000000000000e+04
1.350800000000000000e+04
1.217220000000000000e+05
1.185880000000000000e+05
1.474500000000000000e+04
1.199120000000000000e+05
6.593400000000000000e+04
3.634600000000000000e+04
1.101010000000000000e+05
8.354100000000000000e+04
2.263900000000000000e+04
4.851800000000000000e+04
4.644900000000000000e+04
1.378600000000000000e+04
8.933100000000000000e+04
3.190100000000000000e+04
9.195900000000000000e+04
4.144300000000000000e+04
3.553600000000000000e+04
1.079610000000000000e+05
1.287900000000000000e+04
1.078520000000000000e+05
1.042680000000000000e+05
1.239610000000000000e+05
9.245800000000000000e+04
1.467010000000000000e+05
1.458210000000000000e+05
9.971000000000000000e+03
1.899200000000000000e+04
9.062000000000000000e+03
1.082400000000000000e+04
1.112320000000000000e+05
8.892300000000000000e+04
1.123070000000000000e+05
8.986400000000000000e+04
5.076100000000000000e+04
1.483940000000000000e+05
5.875700000000000000e+04
1.010920000000000000e+05
7.735700000000000000e+04
1.064800000000000000e+04
1.453150000000000000e+05
1.291190000000000000e+05
9.683100000000000000e+04
2.734000000000000000e+04
3.848500000000000000e+04
1.506740000000000000e+05
1.067440000000000000e+05
7.019700000000000000e+04
8.569100000000000000e+04
4.439100000000000000e+04
5.394900000000000000e+04
1.446950000000000000e+05
1.005770000000000000e+05
1.176630000000000000e+05
8.810000000000000000e+03
4.598800000000000000e+04
5.357200000000000000e+04
1.250680000000000000e+05
8.641700000000000000e+04
1.404880000000000000e+05
1.271320000000000000e+05
6.963900000000000000e+04
1.552990000000000000e+05
1.239910000000000000e+05
1.120470000000000000e+05
5.336100000000000000e+04
9.618600000000000000e+04
1.015520000000000000e+05
1.377740000000000000e+05
3.051000000000000000e+04
1.811000000000000000e+03
1.386340000000000000e+05
3.865400000000000000e+04
2.759800000000000000e+04
1.029460000000000000e+05
1.731800000000000000e+04
1.309580000000000000e+05
1.402260000000000000e+05
7.964300000000000000e+04
1.267800000000000000e+04
1.486350000000000000e+05
7.856500000000000000e+04
9.239300000000000000e+04
1.543360000000000000e+05
1.501060000000000000e+05
1.210530000000000000e+05
1.330980000000000000e+05
4.557200000000000000e+04
1.091320000000000000e+05
1.427360000000000000e+05
1.383490000000000000e+05
1.778300000000000000e+04
1.155620000000000000e+05
7.640400000000000000e+04
1.488180000000000000e+05
1.238670000000000000e+05
8.670700000000000000e+04
1.383710000000000000e+05
2.852000000000000000e+04
1.038000000000000000e+03
1.008920000000000000e+05
3.324000000000000000e+03
1.164100000000000000e+04
1.648800000000000000e+04
3.846900000000000000e+04
1.178460000000000000e+05
6.381700000000000000e+04
1.380500000000000000e+05
7.316000000000000000e+04
1.014560000000000000e+05
7.170200000000000000e+04
9.277800000000000000e+04
7.621700000000000000e+04
1.148210000000000000e+05
1.394000000000000000e+03
1.362100000000000000e+04
2.917400000000000000e+04
1.122700000000000000e+04
7.129000000000000000e+04
1.418650000000000000e+05
7.784200000000000000e+04
8.761400000000000000e+04
1.546000000000000000e+04
1.272640000000000000e+05
1.199560000000000000e+05
1.372400000000000000e+05
1.395620000000000000e+05
8.419900000000000000e+04
2.190700000000000000e+04
1.079500000000000000e+04
6.051000000000000000e+04
1.426180000000000000e+05
9.259700000000000000e+04
1.274020000000000000e+05
1.318380000000000000e+05
1.270700000000000000e+04
1.064490000000000000e+05
1.465300000000000000e+05
4.010400000000000000e+04
